vertices 0 4
unit r
 #     RA3           dec3         RA4          dec4            RA2           dec2          RA1           dec1   plate hole field
 #
   2.6431146954  0.0260858968  2.6431114304  0.0229366782  2.6462475007  0.0229342082  2.6462509201  0.0260833404  1  1 j10658_853
   2.6387513686  0.0213119826  2.6387495321  0.0192968522  2.6407561104  0.0192953857  2.6407579987  0.0213104873  1  4 j10658_853
   2.6176910610 -0.0128549279  2.6176890352 -0.0159353951  2.6207561335 -0.0159372895  2.6207580623 -0.0128568247  1  5 j10658_853
   2.6126560603 -0.0125400997  2.6126545511 -0.0146767454  2.6147819311 -0.0146781334  2.6147833960 -0.0125414805  1  8 j10658_853
   2.5776648569  0.0331935074  2.5776654081  0.0301936578  2.5806536277  0.0301928179  2.5806532599  0.0331927848  1  9 j10658_853
   2.5728621330  0.0065048449  2.5728621316  0.0043845613  2.5738462412  0.0043839526  2.5738473412  0.0065042669  1 10 j10658_853
   2.6016824092 -0.0474497312  2.6016819672 -0.0478373734  2.6037717328 -0.0478373765  2.6037721500 -0.0474515956  1 13 j10658_853
   2.5952948048 -0.0279522514  2.5952908454 -0.0314729162  2.5987974414 -0.0314759889  2.5988011479 -0.0279552360  1 14 j10658_853
   2.6559503555  0.0132757461  2.6559489560  0.0117836755  2.6572277230  0.0117827541  2.6572291372  0.0132748004  1 15 j10658_853
   2.6365486668  0.0024166962  2.6365428253 -0.0071769629  2.6461327853 -0.0071821107  2.6461384170  0.0024108459  1 16 j10658_853
r  2.6601273142 -0.0478372811  2.6548644982 -0.0478373114  2.6548692406 -0.0415046876  2.6601289920 -0.0388904455  1 17 j10658_853
r  2.6172637993 -0.0478373690  2.5728621544 -0.0282145490  2.5728621508 -0.0261645032  2.6219076564 -0.0478373700  1 18 j10658_853
   2.7351919620  0.0316910381  2.7351872163  0.0293203374  2.7375484765  0.0293164234  2.7375533326  0.0316870659  2  1 j12465_854
   2.7329096006 -0.0404935482  2.7329064334 -0.0458128275  2.7382068219 -0.0458175448  2.7382091600 -0.0404985504  2  2 j12465_854
   2.7075147213 -0.0095600766  2.7075098404 -0.0130717226  2.7110062431 -0.0130765053  2.7110110241 -0.0095648759  2  7 j12465_854
   2.7092855735 -0.0337568275  2.7092815785 -0.0368047487  2.7123175375 -0.0368087395  2.7123213093 -0.0337608354  2  8 j12465_854
   2.7138742191 -0.0083022610  2.7138714018 -0.0103898640  2.7159499349 -0.0103926602  2.7159527226 -0.0083050713  2  9 j12465_854
   2.7142591796 -0.0015683370  2.7142563999 -0.0035712121  2.7162505288 -0.0035739373  2.7162532992 -0.0015710755  2 10 j12465_854
   2.7212484755 -0.0110610519  2.7212441038 -0.0145239538  2.7246921925 -0.0145283786  2.7246964552 -0.0110655473  2 11 j12465_854
   2.6990709709  0.0015886035  2.6990680009 -0.0005175463  2.7011649241 -0.0005204765  2.7011678930  0.0015856807  2 12 j12465_854
   2.7020300563 -0.0076305520  2.7020269991 -0.0097699685  2.7041570631 -0.0097729501  2.7041600911 -0.0076335304  2 14 j12465_854
   2.6914956039  0.0018081505  2.6914925933 -0.0003269467  2.6936183649 -0.0003299372  2.6936213752  0.0018051790  2 15 j12465_854
   2.7082395288  0.0348861221  2.7082376398  0.0336070597  2.7097297862  0.0336049291  2.7097317176  0.0348839890  2 16 j12465_854
   2.7363118320 -0.0039502646  2.7363048987 -0.0094920085  2.7416321443 -0.0094986319  2.7416389269 -0.0039572203  2 17 j12465_854
r  2.6766210603 -0.0192142342  2.6601291336 -0.0182618767  2.6601291315 -0.0167460680  2.6770499656 -0.0177228743  2 19 j12465_854
r  2.7468975264 -0.0475625808  2.7419744312 -0.0475626097  2.7420339493 -0.0416817725  2.7468993065 -0.0389279550  2 20 j12465_854
   2.8181641286 -0.0284601187  2.8181654767 -0.0306690158  2.8203655118 -0.0306683879  2.8203640653 -0.0284595353  3  1 j9309_855 
   2.8330362439  0.0241528772  2.8330345427  0.0208874046  2.8334917666  0.0208872818  2.8334917598  0.0241527344  3  3 j9309_855 
   2.7865183487 -0.0247506539  2.7865183107 -0.0268446241  2.7886035385 -0.0268447670  2.7886034990 -0.0247507907  3  7 j9309_855 
   2.7851874175  0.0008862145  2.7851875830 -0.0014584331  2.7896617023 -0.0014585807  2.7896615290  0.0008860821  3  8 j9309_855 
   2.8284374117 -0.0014585172  2.8284375999 -0.0027371390  2.8297160004 -0.0027370756  2.8297158089 -0.0014584741  3  9 j9309_855 
r  2.8334900858 -0.0474602821  2.8294747518 -0.0474603057  2.8295282767 -0.0415215491  2.8334917204 -0.0395046618  3 10 j9309_855 
   2.8334917837 -0.0066332502  2.8035547006 -0.0474603798  2.8041356156 -0.0474603791  2.8334917834 -0.0074247431  3 11 j9309_855 
r  2.8950443466  0.0016279351  2.8928364163  0.0038572361  2.8929866560  0.0066448750  2.8951945403  0.0044155468  4  1 j8487_856 
   2.8806333882 -0.0063065603  2.8806336611 -0.0105953642  2.8851308806 -0.0105952964  2.8851304861 -0.0063065110  4  3 j8487_856 
   2.8744225373 -0.0369715043  2.8744222252 -0.0410456975  2.8784933409 -0.0410459121  2.8784932102 -0.0369716993  4  4 j8487_856 
   2.8480782459  0.0192091386  2.8480798270  0.0159930489  2.8512919699  0.0159934847  2.8512905030  0.0192096788  4  5 j8487_856 
   2.8390771147 -0.0309577373  2.8390738358 -0.0350310748  2.8431440785 -0.0350331077  2.8431469815 -0.0309595552  4  6 j8487_856 
   2.8380037033 -0.0337442279  2.8380013247 -0.0365312028  2.8412147361 -0.0365329614  2.8412168989 -0.0337458658  4  7 j8487_856 
   2.8857740667 -0.0163851609  2.8857744565 -0.0193872941  2.8889870649 -0.0193870870  2.8889865536 -0.0163849776  4  8 j8487_856 
   2.9005546786  0.0367940027  2.9005561130  0.0400932866  2.8966995911  0.0400932923  2.8966984682  0.0367947870  4  9 j8487_856 
   2.8334918981  0.0243508066  2.8334918879  0.0207066947  2.8362982269  0.0207074171  2.8362957279  0.0243516819  4 10 j8487_856 
   2.8857722110  0.0031288743  2.8857720297  0.0061310075  2.8827740178  0.0061310222  2.8827742208  0.0031288761  4 11 j8487_856 
   2.9101907580 -0.0202413558  2.9101891065 -0.0172395843  2.9071909443 -0.0172402408  2.9071924773 -0.0202420985  4 12 j8487_856 
   2.8716383901  0.0067742447  2.8716386150  0.0039865348  2.8744225099  0.0039865794  2.8744223076  0.0067743073  4 13 j8487_856 
   2.8547216384  0.0003413357  2.8547217487 -0.0022316990  2.8575055409 -0.0022318191  2.8575054213  0.0003412727  4 14 j8487_856 
   2.9033404609 -0.0277475408  2.9033414811 -0.0301065919  2.9061265788 -0.0301055285  2.9061254274 -0.0277465316  4 15 j8487_856 
r  2.9223946731 -0.0471729837  2.9165868813 -0.0471730165  2.9168496221 -0.0427507834  2.9223962909 -0.0392443519  4 16 j8487_856 
   2.9888685618 -0.0233737845  2.9888654436 -0.0263360466  2.9918152298 -0.0263395209  2.9918181983 -0.0233773266  5  1 j5777_857 
   2.9895619553 -0.0093578506  2.9895582170 -0.0123461782  2.9925334141 -0.0123499954  2.9925370830 -0.0093617389  5  2 j5777_857 
   2.9992807085 -0.0459566400  2.9992800415 -0.0474287316  3.0025990638 -0.0474287167  3.0025995939 -0.0459594637  5  3 j5777_857 
   3.0072036813 -0.0252651543  3.0072022439 -0.0273174051  3.0087344182 -0.0273189221  3.0087344226 -0.0252667127  5  4 j5777_857 
   2.9687844420  0.0085610957  2.9687801715  0.0055818469  2.9717459308  0.0055776627  2.9717502381  0.0085569020  5  5 j5777_857 
   2.9718808935  0.0309604584  2.9718760446  0.0277677295  2.9750550732  0.0277630866  2.9750601153  0.0309557935  5  6 j5777_857 
   2.9761219081 -0.0322954788  2.9761182740 -0.0352817908  2.9790923745 -0.0352855735  2.9790958035 -0.0322992926  5  7 j5777_857 
   2.9314513681 -0.0163529592  2.9314475001 -0.0184339037  2.9335196986 -0.0184373395  2.9335235145 -0.0163563453  5  8 j5777_857 
   2.9268198595  0.0054199220  2.9268148289  0.0017019407  2.9305169450  0.0016966530  2.9305220012  0.0054148103  5  9 j5777_857 
   2.9246611382 -0.0184710731  2.9246556815 -0.0211853861  2.9273589518 -0.0211900963  2.9273643078 -0.0184756828  5 11 j5777_857 
   2.9520920815 -0.0229861372  2.9520883650 -0.0252052788  2.9542980218 -0.0252086804  2.9543016569 -0.0229895161  5 13 j5777_857 
   2.9499854949  0.0347355621  2.9499830294  0.0323970219  2.9523118497  0.0323941022  2.9523144342  0.0347326712  5 14 j5777_857 
   2.9423322223  0.0398375804  2.9423308462  0.0381505781  2.9457225664  0.0381467105  2.9457240841  0.0398375869  5 15 j5777_857 
r  3.0087343788 -0.0393080750  3.0064248905 -0.0400617147  3.0062194645 -0.0257812429  3.0087344232 -0.0249608843  5 16 j5777_857 
   3.0087343976 -0.0344904496  3.0057880279 -0.0334539281  3.0057835167 -0.0460293714  3.0087343370 -0.0470664803  5 17 j5777_857 
   3.0813823841  0.0004413790  3.0813808676 -0.0018225318  3.0836341353 -0.0018240351  3.0836356466  0.0004398256  6  1 j13130_858
   3.0087345346 -0.0252631765  3.0087345398 -0.0273174808  3.0092826671 -0.0273181185  3.0092857262 -0.0252638012  6  4 j13130_858
   3.0433348754  0.0230071199  3.0433331327  0.0199151315  3.0464105907  0.0199130685  3.0464124646  0.0230050829  6  6 j13130_858
   3.0345955634 -0.0360093298  3.0345917421 -0.0392703379  3.0378388755 -0.0392734360  3.0378424254 -0.0360123683  6  7 j13130_858
   3.0279777413 -0.0076275270  3.0279744485 -0.0114109870  3.0317401918 -0.0114141084  3.0317433868 -0.0076305382  6  8 j13130_858
   3.0854825582  0.0395096448  3.0854710607  0.0315774449  3.0931786310  0.0315692818  3.0931915442  0.0395007417  6 10 j13130_858
r  3.0948362574 -0.0474173799  3.0895002845 -0.0474174109  3.0894981650 -0.0417439585  3.0948378402 -0.0386327627  6 11 j13130_858
   3.1018649500  0.0161725595  3.1018661302  0.0127420791  3.1052929325  0.0127426148  3.1052918584  0.0161732438  7  2 j9113_859 
   3.1307796544 -0.0134181912  3.1307793612 -0.0157771809  3.1333496404 -0.0157772308  3.1333498709 -0.0134182221  7  3 j9113_859 
   3.1714876092  0.0389063064  3.1714859944  0.0367619427  3.1736287038  0.0367612968  3.1736304317  0.0389056129  7  4 j9113_859 
   3.1252113036  0.0151039811  3.1252115540  0.0131739375  3.1271391874  0.0131741111  3.1271389699  0.0151041737  7  5 j9113_859 
   3.1641930599  0.0166062395  3.1641926509  0.0148906853  3.1661203133  0.0148905944  3.1661207551  0.0166061225  7  6 j9113_859 
   3.1380623927  0.0071699926  3.1380623909  0.0056687467  3.1397757642  0.0056688208  3.1397757754  0.0071700689  7  7 j9113_859 
   3.1337768673 -0.0252134107  3.1337765385 -0.0273580494  3.1357045891 -0.0273581035  3.1357048429 -0.0252134555  7  8 j9113_859 
r  3.1838929130 -0.0469926838  3.1783514476 -0.0469927153  3.1785651754 -0.0445023208  3.1838942018 -0.0407226548  7  9 j9113_859 
   3.2123487690 -0.0029463670  3.2123480314 -0.0107971305  3.2213537022 -0.0107982520  3.2213540753 -0.0029472073  8  1 j10158_860
   3.2099076245 -0.0065250676  3.2099070447 -0.0109781664  3.2133978868 -0.0109786909  3.2133983670 -0.0065255034  8  2 j10158_860
r  3.2711884316 -0.0468821837  3.2659540843 -0.0468822137  3.2662816460 -0.0416015337  3.2711899662 -0.0388691884  8  4 j10158_860
   3.3574796187 -0.0154159184  3.3574806862 -0.0173452596  3.3580873705 -0.0173450268  3.3580873727 -0.0154157015  9  1 j5023_861 
   3.3194731025 -0.0218579549  3.3194733897 -0.0240023031  3.3216209580 -0.0240020031  3.3216205979 -0.0218576621  9  2 j5023_861 
   3.3071680836 -0.0150465211  3.3071676040 -0.0255702139  3.3174874905 -0.0255695589  3.3174864422 -0.0150457397  9  3 j5023_861 
r  3.2816597555  0.0413891895  3.2795298814  0.0436650166  3.2807064972  0.0436650223  3.2825179807  0.0424615550  9  5 j5023_861 
   3.2715889273  0.0072991527  3.2715892478  0.0060129552  3.2748099694  0.0060133978  3.2748096651  0.0072996542  9  6 j5023_861 
   3.2969144929  0.0379649797  3.2969154094  0.0362496881  3.2986338113  0.0362501966  3.2986329662  0.0379655059  9  7 j5023_861 
   3.3263418004 -0.0025580875  3.3263419817 -0.0042735539  3.3278449791 -0.0042733662  3.3278447906 -0.0025579095  9  8 j5023_861 
   3.3007910919 -0.0038470233  3.3007911281 -0.0055624308  3.3029382853 -0.0055623098  3.3029382355 -0.0038468852  9 10 j5023_861 
   3.3186103265  0.0403280700  3.3186103365  0.0381836416  3.3205436427  0.0381837443  3.3205437391  0.0403281675  9 11 j5023_861 
   3.2816597555  0.0413891895  3.2807064972  0.0436650223  3.2795298814  0.0436650166  3.2790799949  0.0431030436  9 12 j5023_861 
   3.4231432123  0.0159426427  3.4231426066  0.0138130682  3.4252630554  0.0138126337  3.4252637031  0.0159421762 10  1 j10971_862
   3.3752111554 -0.0104522420  3.3752101717 -0.0133984839  3.3781440278 -0.0133993112  3.3781449376 -0.0104529935 10  2 j10971_862
   3.3717606560  0.0071698765  3.3717606676  0.0043072892  3.3746111101  0.0043069299  3.3746111247  0.0071695982 10  3 j10971_862
   3.3917294600 -0.0149640156  3.3917290036 -0.0170105934  3.3937668209 -0.0170110072  3.3937672303 -0.0149644152 10  4 j10971_862
   3.3819165749  0.0339108981  3.3819177383  0.0305194407  3.3852955075  0.0305195783  3.3852945833  0.0339111096 10  5 j10971_862
   3.3796348428  0.0310694004  3.3796358551  0.0281801569  3.3825133374  0.0281802902  3.3825124843  0.0310695945 10  6 j10971_862
   3.4404735642  0.0131027277  3.4404730712  0.0118238897  3.4419649160  0.0118235357  3.4419654237  0.0131023494 10  7 j10971_862
   3.3580874571 -0.0148058670  3.3580874600 -0.0171501668  3.3609780408 -0.0171514200  3.3609793754 -0.0148070227 10  9 j10971_862
   3.4119164050  0.0107635608  3.4119161428  0.0088448547  3.4138340699  0.0088445669  3.4138343540  0.0107632609 10 10 j10971_862
r  3.4446618614 -0.0476019817  3.4404951171 -0.0476020062  3.4404895229 -0.0421006187  3.4446634878 -0.0399121340 10 11 j10971_862
   3.5046413312 -0.0144513283  3.5046429844 -0.0181622124  3.5082834359 -0.0181608560  3.5082816285 -0.0144500438 11  1 j5099_863 
   3.4851371925  0.0404542006  3.4851377706  0.0390804853  3.4887795351  0.0390815802  3.4887790846  0.0404542014 11  3 j5099_863 
   3.4971353662  0.0302926017  3.4971357768  0.0277196371  3.4997057875  0.0277201358  3.4997055012  0.0302930830 11  4 j5099_863 
   3.4673811189 -0.0061645244  3.4673814915 -0.0085228650  3.4697368528 -0.0085224603  3.4697364499 -0.0061640792 11  5 j5099_863 
   3.5209078409  0.0247207089  3.5209073928  0.0221481998  3.5232630685  0.0221483415  3.5232636079  0.0247207868 11  6 j5099_863 
   3.4628851357 -0.0190285288  3.4628849685 -0.0207436417  3.4645981530 -0.0207435668  3.4645982798 -0.0190284277 11  7 j5099_863 
   3.5389988865 -0.0013740341  3.5389968850 -0.0107843825  3.5483180214 -0.0107879748  3.5483196151 -0.0013766374 12  2 j9108_864 
r  3.6198653452 -0.0469604843  3.6148968002 -0.0469605130  3.6149951709 -0.0438383330  3.6198667215 -0.0405083301 12  3 j9108_864 
r  3.5329109329 -0.0159814204  3.5329109322 -0.0153481221  3.6198667876 -0.0153681158  3.6198667870 -0.0160014339 12  4 j9108_864 
   3.6996933586  0.0195299992  3.6996921527  0.0165912934  3.7026174474  0.0165909253  3.7026187523  0.0195295283 13  1 j5785_865 
   3.7028489850  0.0293549789  3.7028469049  0.0263484324  3.7058402714  0.0263476331  3.7058425138  0.0293540625 13  2 j5785_865 
   3.6370083348  0.0242574969  3.6370096466  0.0209556708  3.6402963687  0.0209563033  3.6402952147  0.0242582260 13  5 j5785_865 
   3.6292488834 -0.0202477383  3.6292469296 -0.0237202367  3.6327040554 -0.0237211824  3.6327058269 -0.0202485465 13  6 j5785_865 
   3.6577932545  0.0347832301  3.6577941929  0.0280414861  3.6645050401  0.0280419490  3.6645050258  0.0347837560 13  7 j5785_865 
   3.7053869733 -0.0237569649  3.7054064729 -0.0448616812  3.7070447484 -0.0448605525  3.7070448235 -0.0237562993 13  8 j5785_865 
   3.7544092078  0.0263926097  3.7544095111  0.0244628831  3.7563368035  0.0244630669  3.7563365614  0.0263927899 14  2 j5087_866 
   3.7387814039  0.0115960388  3.7387820003  0.0094519727  3.7409230974  0.0094522797  3.7409225309  0.0115963651 14  3 j5087_866 
   3.7747685423 -0.0332088420  3.7747713287 -0.0370679779  3.7786271573 -0.0370662858  3.7786240149 -0.0332072701 14  4 j5087_866 
   3.7379281895 -0.0345012661  3.7379277237 -0.0372886216  3.7407124195 -0.0372887906  3.7407126957 -0.0345014011 14  5 j5087_866 
   3.7828896491  0.0197465377  3.7828892107  0.0171739635  3.7856727104  0.0171738672  3.7856732334  0.0197463654 14  6 j5087_866 
   3.7522738914 -0.0061984083  3.7522742936 -0.0083425155  3.7544153954 -0.0083422603  3.7544149687 -0.0061981544 14  9 j5087_866 
   3.7122355150 -0.0096302442  3.7122351957 -0.0122024936  3.7148045542 -0.0122027018  3.7148048222 -0.0096303665 14 10 j5087_866 
   3.8529051184  0.0402432586  3.8529081540  0.0337922205  3.8588702258  0.0337957691  3.8588681205  0.0402466070 15  1 j5773_867 
   3.8663911796 -0.0103132605  3.8663932983 -0.0124578791  3.8685527830 -0.0124559436  3.8685506269 -0.0103113670 15  2 j5773_867 
   3.8510386477  0.0177709941  3.8510407885  0.0145537748  3.8540639371  0.0145559163  3.8540618962  0.0177730957 15  3 j5773_867 
   3.8585946798  0.0216366911  3.8585955917  0.0199209072  3.8607551371  0.0199223030  3.8607542746  0.0216380630 15  4 j5773_867 
   3.8748456098 -0.0351811865  3.8748508955 -0.0383978509  3.8783074160 -0.0383935064  3.8783018521 -0.0351769768 15  5 j5773_867 
   3.8822560306 -0.0330088926  3.8822560306 -0.0330088926  3.8822560460 -0.0273517653  3.8787305273 -0.0332466109 15  6 j5773_867 
   3.8822559756 -0.0454855303  3.8822559756 -0.0454855303  3.8822559980 -0.0410845511  3.8785280682 -0.0409661853 15  7 j5773_867 
   3.8789453217 -0.0323884648  3.8789614728 -0.0416091758  3.8822559956 -0.0416047096  3.8822560327 -0.0323843865 15  9 j5773_867 
