vertices 0 4
unit r
#      RA3           dec3         RA4          dec4            RA2           dec2          RA1           dec1   plate hole field
# 
   5.6905181118 -0.5412333834  5.6904242913 -0.5459827409  5.6960030793 -0.5460561728  5.6960810749 -0.5413064332  1  1 f466      
   5.7272294404 -0.5370335034  5.7272364581 -0.5402005034  5.7309431532 -0.5401916086  5.7309291782 -0.5370246519  1  2 f466      
   5.7481421835 -0.4985852798  5.7482069217 -0.5033349971  5.7529238665 -0.5032798714  5.7528466995 -0.4985304721  1  3 f466      
   5.7055193983 -0.4900930826  5.7054878899 -0.4932599005  5.7083747064 -0.4932808503  5.7084012201 -0.4901139659  1  4 f466      
r  5.8065073127 -0.4920358947  5.8065563319 -0.4860193037  5.8129875999 -0.4860522207  5.8129596740 -0.4920690303  2  2 f467      
r  5.7887907041 -0.5004023831  5.7888593965 -0.4966032144  5.7931713744 -0.4966603688  5.7931117514 -0.5004597824  2  3 f467      
r  5.9577735267 -0.4872297296  5.9577062534 -0.4840637136  5.9605610665 -0.4840138262  5.9606332287 -0.4871796673  3  1 f468      
r  5.9177293050 -0.4815407234  5.9177299276 -0.4799655872  5.9305509912 -0.4799655902  5.9305610268 -0.4815111061  3  2 f468      
r  5.9180812662 -0.5014938281  5.9180824772 -0.4964264087  5.9238319198 -0.4964211214  5.9238468643 -0.5014885224  3  4 f468      
r  5.9148250479 -0.5078247178  5.9148322821 -0.5043408851  5.9184415023 -0.5043443431  5.9184413243 -0.5078281948  3  5 f468      
r  5.9308134535 -0.5188822307  5.9307912927 -0.5157151892  5.9340604326 -0.5156959462  5.9340885165 -0.5188629218  3  6 f468      
r  5.9698530513 -0.5221497817  5.9697411975 -0.5183515986  5.9713179398 -0.5183162463  5.9713179412 -0.5221169040  3  7 f468      
r  5.8925237790 -0.5241467951  5.8925713322 -0.5209802392  5.8951215645 -0.5210079215  5.8950786724 -0.5241745820  3  8 f468      
r  5.9217576961 -0.5417148270  5.9217506138 -0.5379142641  5.9257982076 -0.5379056758  5.9258144427 -0.5417062068  3  9 f468      
r  5.9046437982 -0.5594085051  5.9046791069 -0.5552914613  5.9095128232 -0.5553162016  5.9094897198 -0.5594333736  3 10 f468      
r  5.8940870279 -0.5672319588  5.8941448995 -0.5634369710  5.8986290048 -0.5634807411  5.8985822536 -0.5672319652  3 11 f468      
r  5.8809751348 -0.5672319308  5.8810014183 -0.5661088888  5.8884868083 -0.5662197232  5.8884678164 -0.5672319494  3 12 f468      
r  6.0288527339 -0.4801984444  6.0288518154 -0.4799655899  6.0320570491 -0.4799655918  6.0320583023 -0.4801862047  4  1 f469      
r  6.0508390283 -0.4964921153  6.0507880676 -0.4933260002  6.0536575105 -0.4932879410  6.0537134684 -0.4964539186  4  2 f469      
r  6.0445328928 -0.5092304423  6.0444920089 -0.5060640736  6.0477431315 -0.5060295493  6.0477898060 -0.5091957923  4  3 f469      
r  6.0549110967 -0.5220877651  6.0548504164 -0.5189218613  6.0581250866 -0.5188723394  6.0581917277 -0.5220380619  4  4 f469      
r  6.0309248416 -0.5362430655  6.0308084970 -0.5147094109  6.0529514689 -0.5145149597  6.0533459149 -0.5360436961  4  5 f469      
r  6.0137666950 -0.5099639846  6.0137819392 -0.5064805758  6.0170340824 -0.5064893789  6.0170252202 -0.5099728223  4  6 f469      
r  5.9854070268 -0.5331267078  5.9858850884 -0.5100166424  6.0137653031 -0.5102806582  6.0136609019 -0.5333978176  4  7 f469      
r  5.9714500745 -0.5217811202  5.9714500762 -0.5189310147  5.9733268241 -0.5189711419  5.9732477651 -0.5218195880  4  8 f469      
r  5.9896891592 -0.5588412196  5.9897816029 -0.5540922718  5.9953544404 -0.5541625480  5.9952782030 -0.5589118883  4  9 f469      
r  6.1641557097 -0.4870750960  6.1640922907 -0.4835928807  6.1669650453 -0.4835490236  6.1670338744 -0.4870310456  5  1 f470      
r  6.1220574447 -0.4863588133  6.1220804107 -0.4812920049  6.1263848951 -0.4813033828  6.1263737089 -0.4863702118  5  2 f470      
r  6.1166787461 -0.4841165170  6.1167022553 -0.4809498181  6.1192127203 -0.4809632845  6.1191934929 -0.4841300153  5  3 f470      
r  6.1130981961 -0.4828258235  6.1131249133 -0.4799655906  6.1163510742 -0.4799655889  6.1163291541 -0.4828476874  5  4 f470      
r  6.0918740807 -0.5018881693  6.0919348527 -0.4990389034  6.0944698469 -0.4990796433  6.0944130857 -0.5019290269  5  6 f470      
r  6.0831366497 -0.5029929938  6.0832196350 -0.4998276706  6.0857555239 -0.4998780121  6.0856770016 -0.5030435009  5  7 f470      
r  6.1659672038 -0.5415119372  6.1659129625 -0.5389795357  6.1688771167 -0.5389315168  6.1689358220 -0.5414637616  5  8 f470      
r  6.1705782085 -0.5629680523  6.1705144358 -0.5604359148  6.1721074237 -0.5604073580  6.1721074113 -0.5629406141  5  9 f470      
r  6.2241431842 -0.4923717933  6.2241461732 -0.4898381789  6.2270055014 -0.4898389671  6.2270064723 -0.4923725769  6  2 f471      
r  6.2194630414 -0.4996475263  6.2194903503 -0.4923629374  6.2273644170 -0.4923724248  6.2273687723 -0.4996570375  6  3 f471      
r  6.2273820107 -0.5199269301  6.2273798319 -0.5167597732  6.2313708840 -0.5167541907  6.2313803085 -0.5199213153  6  6 f471      
r  6.2174707564 -0.5392308948  6.2174853053 -0.5363804650  6.2200542053 -0.5363886445  6.2200439972 -0.5392390946  6  7 f471      
r  6.2486947479 -0.5644734533  6.2486370619 -0.5603567133  6.2522771840 -0.5603182125  6.2522771765 -0.5644355132  6  9 f471      
r  6.1847936831 -0.5670662194  6.1848988129 -0.5629504911  6.1908645445 -0.5630491969  6.1907746640 -0.5671653845  6 10 f471      
r  6.1722178895 -0.5630061375  6.1722178742 -0.5601555880  6.1726801285 -0.5601663325  6.1725862784 -0.5630147055  6 11 f471      
r  0.0375699995 -0.4919402963  0.0374989829 -0.4881414508  0.0410728989 -0.4880856613  0.0411513195 -0.4918842559  7  2 f409      
r  0.0275877616 -0.4955504173  0.0275286572 -0.4911177634  0.0321826072 -0.4910641347  0.0322530327 -0.4954965026  7  3 f409      
r  0.0035417876 -0.5020119480  0.0035412838 -0.4991619200  0.0067778694 -0.4991592737  0.0067835002 -0.5020092862  7  4 f409      
r -0.0065745842 -0.5076910349 -0.0065606961 -0.5051577180 -0.0036741381 -0.5051682167 -0.0036839206 -0.5077015585  7  5 f409      
r -0.0103836103 -0.5330054680 -0.0102310198 -0.5133726398  0.0136940520 -0.5133884138  0.0138143327 -0.5330212475  7  6 f409      
r -0.0153929422 -0.5215701812 -0.0153525138 -0.5177704189 -0.0113551467 -0.5177992121 -0.0113868469 -0.5215990892  7  7 f409      
r  0.0140663649 -0.5149700327  0.0140526571 -0.5127534262  0.0173138934 -0.5127358322  0.0173317117 -0.5149523886  7  8 f409      
r -0.0308436575 -0.5641452132 -0.0308436664 -0.5600283515 -0.0292378891 -0.5600514778 -0.0293200376 -0.5641671741  7  9 f409      
r  0.0798173604 -0.5130345092  0.0798711197 -0.5082853184  0.0856645283 -0.5083284102  0.0856263392 -0.5130778442  8  2 f410      
r  0.1110420837 -0.5130952297  0.1110260691 -0.5105621290  0.1139264945 -0.5105463092  0.1139466727 -0.5130793660  8  3 f410      
r  0.1121600836 -0.5172059729  0.1121445604 -0.5149895237  0.1146887960 -0.5149746109  0.1147075384 -0.5171910238  8  4 f410      
r  0.1348288466 -0.5223569933  0.1347715994 -0.5195080142  0.1380507113 -0.5194560670  0.1381133332 -0.5223048782  8  5 f410      
r  0.0879217621 -0.5485552004  0.0879514257 -0.5444389634  0.0923887563 -0.5444577574  0.0923700894 -0.5485740904  8  6 f410      
r  0.0577149092 -0.5554827221  0.0577962388 -0.5523177332  0.0611394764 -0.5523764276  0.0610645915 -0.5555416382  8  7 f410      
r  0.2392313213 -0.5221708834  0.2390427434 -0.5136234150  0.2503511295 -0.5134072179  0.2505950734 -0.5219525554  9  1 f411      
r  0.2178893917 -0.5512482382  0.2178596282 -0.5483982461  0.2212110610 -0.5483707885  0.2212466040 -0.5512206892  9  2 f411      
r  0.2646513742 -0.5213236960  0.2647002123 -0.5191076316  0.2668903738 -0.5191431122  0.2668443240 -0.5213592652 10  2 f412      
r  0.2604599371 -0.5573537726  0.2605338982 -0.5545048091  0.2635157812 -0.5545579182  0.2634470116 -0.5574070565 10  3 f412      
r  0.3045184846 -0.5434961485  0.3045164515 -0.5412793036  0.3067355466 -0.5412768736  0.3067405187 -0.5434937102 10  4 f412      
r  0.4510263399 -0.4828191481  0.4509675851 -0.4806036146  0.4517865768 -0.4805859897  0.4517865929 -0.4828027757 11  1 f413      
r  0.4001846151 -0.5194482066  0.4001870081 -0.5165980026  0.4031034983 -0.5165980755  0.4031058659 -0.5194482794 11  2 f413      
r  0.4071517158 -0.5286262629  0.4071375789 -0.5241926437  0.4118975552 -0.5241765120  0.4119239600 -0.5286100478 11  3 f413      
r  0.4034800250 -0.5279986374  0.4034770029 -0.5251484344  0.4060415088 -0.5251450350  0.4060487793 -0.5279952265 11  4 f413      
r  0.3876878456 -0.5295401847  0.3877135675 -0.5263734442  0.3910130850 -0.5263910998  0.3909934510 -0.5295579048 11  5 f413      
r  0.3880095513 -0.5352425327  0.3880425063 -0.5311257614  0.3924541051 -0.5311476733  0.3924318312 -0.5352645490 11  6 f413      
r  0.3688790621 -0.5334661414  0.3689277171 -0.5309333083  0.3715005835 -0.5309684420  0.3714557509 -0.5335013783 11  7 f413      
r  0.3534189437 -0.5461786744  0.3534830084 -0.5439631521  0.3553347020 -0.5440011236  0.3552730955 -0.5462167443 11  8 f413      
r  0.3563391008 -0.5614393526  0.3564096908 -0.5589071634  0.3586520122 -0.5589500833  0.3585849153 -0.5614824007 11  9 f413      
r  0.4027689879 -0.5625182299  0.4027674617 -0.5603014042  0.4053863829 -0.5602987086  0.4053914921 -0.5625155270 11 10 f413      
r  0.5287020431 -0.5195210737  0.5285900747 -0.5122379974  0.5373173701 -0.5121196640  0.5374656341 -0.5194017397 12  1 f414      
r  0.5218222808 -0.5246587913  0.5217708566 -0.5202252654  0.5265200638 -0.5201790188  0.5265836440 -0.5246123056 12  2 f414      
r  0.5167443225 -0.5303983435  0.5167027195 -0.5256479353  0.5214668925 -0.5256120038  0.5215216914 -0.5303622116 12  3 f414      
r  0.5475837166 -0.4869181945  0.5475208736 -0.4843859371  0.5503849992 -0.4843272712  0.5504517633 -0.4868593597 12  4 f414      
r  0.4518577161 -0.4833518722  0.4518577377 -0.4805014234  0.4537825927 -0.4805422250  0.4537090983 -0.4833911513 12  5 f414      
r  0.4738646056 -0.5454816003  0.4739067809 -0.5429483938  0.4768685050 -0.5429822026  0.4768308248 -0.5455155084 12  6 f414      
r  0.4656396365 -0.5485347878  0.4656945680 -0.5460019174  0.4682906127 -0.5460410040  0.4682396404 -0.5485739897 12  7 f414      
r  0.4971670595 -0.5671816544  0.4971750313 -0.5643313980  0.5005509098 -0.5643355425  0.5005489240 -0.5671858120 12  8 f414      
r  0.5671390781 -0.5428723118  0.5672506021 -0.5374899872  0.5735397696 -0.5375763677  0.5734483972 -0.5429592364 13  1 f415      
r  0.6370569531 -0.5492053356  0.6369769120 -0.5454060535  0.6410652292 -0.5453405226  0.6411546230 -0.5491395130 13  2 f415      
   0.7293228242 -0.4887865186  0.7293920128 -0.4935361938  0.7348104918 -0.4934670706  0.7347272708 -0.4887177676 14  1 f416      
   0.6589376460 -0.4935924185  0.6588076076 -0.4989737969  0.6646043810 -0.4990768589  0.6647172659 -0.4936948538 14  2 f416      
   0.7140899300 -0.5300831919  0.7141153709 -0.5338834744  0.7189207286 -0.5338546304  0.7188845928 -0.5300544755 14  3 f416      
   0.6766660218 -0.5169797932  0.6761164723 -0.5524441498  0.6951794169 -0.5525849658  0.6953347196 -0.5171149594 14  4 f416      
   0.6695371290 -0.5260726096  0.6694575348 -0.5301885886  0.6742521911 -0.5302527313  0.6743203092 -0.5261364487 14  5 f416      
   0.7382660405 -0.5396544803  0.7383467436 -0.5434536633  0.7431785942 -0.5433738381  0.7430869708 -0.5395750087 14  6 f416      
r  0.8331173418 -0.4863572528  0.8330749838 -0.4838242932  0.8359461226 -0.4837840184  0.8359924112 -0.4863168638 15  1 f417      
r  0.8086903592 -0.4909897828  0.8086791144 -0.4878226412  0.8119166215 -0.4878112066  0.8119334548 -0.4909783086 15  2 f417      
r  0.7812462733 -0.4959716005  0.7812862639 -0.4924881205  0.7852532167 -0.4925206007  0.7852208211 -0.4960042114 15  3 f417      
r  0.7705181769 -0.5101011631  0.7705745746 -0.5069348886  0.7738460935 -0.5069773899  0.7737955298 -0.5101438201 15  4 f417      
r  0.7621315298 -0.5264395408  0.7621976152 -0.5235903179  0.7655001995 -0.5236452208  0.7654395653 -0.5264946260 15  5 f417      
r  0.7679790215 -0.5464863667  0.7683489331 -0.5281226800  0.7874835959 -0.5283239777  0.7873227475 -0.5466920615 15  6 f417      
r  0.8099605372 -0.5343750268  0.8099489831 -0.5318413985  0.8125303995 -0.5318312359  0.8125457986 -0.5343648352 15  8 f417      
r  0.8345349270 -0.5252930196  0.8344934694 -0.5230766278  0.8370614559 -0.5230391731  0.8371062057 -0.5252554698 15  9 f417      
r  0.8456453211 -0.5431628164  0.8455797157 -0.5406303459  0.8485446663 -0.5405726000  0.8486147477 -0.5431049007 15 10 f417      
r  0.8230175871 -0.5146578801  0.8229061445 -0.5051576013  0.8341635907 -0.5050287853  0.8343355162 -0.5145276713 15 11 f417      
