rectangle
unit r
# 2dF QSO Redshift Survey: UKST field limits for the SGP 
# RA/Dec in radians, B1950, original APM coord. system
#  RA_min    RA_max   Dec_min   Dec_max  UKST_field
  6.252329  0.050383 -0.567232 -0.479966   409
  0.050383  0.150740 -0.567232 -0.479966   410
  0.150740  0.251096 -0.567232 -0.479966   411
  0.251096  0.351453 -0.567232 -0.479966   412
  0.351453  0.451809 -0.567232 -0.479966   413
  0.451809  0.552166 -0.567232 -0.479966   414
  0.552166  0.652522 -0.567232 -0.479966   415
  0.652522  0.752878 -0.567232 -0.479966   416
  0.752878  0.853235 -0.567232 -0.479966   417
  5.669933  5.770699 -0.567232 -0.479966   466
  5.770699  5.871056 -0.567232 -0.479966   467
  5.871056  5.971412 -0.567232 -0.479966   468
  5.971412  6.071769 -0.567232 -0.479966   469
  6.071769  6.172126 -0.567232 -0.479966   470
  6.172126  6.252329 -0.567232 -0.479966   471
