unit r
skip 0
vertices id number is the UKST field number containing the hole
vertices 781 4
r  2.66821790 -0.12406345  2.66832256 -0.14228499  2.65537595 -0.14233855  2.65527129 -0.12411701
vertices 781 4
r  2.63132644 -0.12931894  2.63133001 -0.13210687  2.62852311 -0.13210959  2.62851954 -0.12932166
vertices 781 4
r  2.57623649 -0.13565867  2.57621360 -0.13994665  2.57254052 -0.13992918  2.57256341 -0.13564120
vertices 781 4
r  2.65618539 -0.07651415  2.65619278 -0.07908707  2.65361524 -0.07909450  2.65360785 -0.07652158
vertices 781 4
r  2.57030177 -0.06874154  2.57029176 -0.07131410  2.56728673 -0.07130125  2.56729674 -0.06872869
vertices 782 4
r  2.75887585 -0.12411039  2.75900769 -0.14509496  2.74349570 -0.14516138  2.74336386 -0.12417681
vertices 782 4
r  2.65350962 -0.07534657  2.65349674 -0.07827998  2.65031790 -0.07826469  2.65033078 -0.07533128
vertices 782 4
r  2.73880291 -0.03932499  2.73880887 -0.04271062  2.73518491 -0.04271786  2.73517895 -0.03933223
vertices 782 4
r  2.71094942 -0.06351130  2.71095014 -0.06712329  2.70732046 -0.06712331  2.70731974 -0.06351132
vertices 782 4
r  2.68470502 -0.13639978  2.68469214 -0.14114018  2.68012332 -0.14112790  2.68013620 -0.13638750
vertices 783 4
r  2.84502649 -0.12440749  2.84515309 -0.14629315  2.83260703 -0.14634373  2.83248043 -0.12445807
vertices 783 4
r  2.82503104 -0.06286646  2.82503533 -0.06534908  2.82163310 -0.06535542  2.82162881 -0.06287280
vertices 783 4
r  2.75812602 -0.06078864  2.75811911 -0.06304552  2.75539780 -0.06303605  2.75540471 -0.06077917
vertices 784 4
r  2.93216801 -0.12559885  2.93236899 -0.14500438  2.91890764 -0.14511830  2.91870666 -0.12571277
vertices 785 4
r  3.02011371 -0.12482832  3.02025795 -0.14513403  3.00725031 -0.14520272  3.00710607 -0.12489701
vertices 785 4
r  2.94217420 -0.05501755  2.94216990 -0.05930594  2.93695401 -0.05929803  2.93695831 -0.05500964
vertices 785 4
r  3.00382423 -0.04389262  3.00383282 -0.04682642  3.00088692 -0.04683594  3.00087833 -0.04390214
vertices 785 4
r  2.94276118 -0.11979602  2.94275570 -0.12250452  2.93933463 -0.12249786  2.93934011 -0.11978936
vertices 785 4
r  2.94148731 -0.06133633  2.94148397 -0.06427047  2.93808079 -0.06426517  2.93808413 -0.06133103
vertices 786 4
r  3.10685420 -0.12469053  3.10699248 -0.14544784  3.09330558 -0.14551330  3.09316730 -0.12475599
vertices 786 4
r  3.09482408 -0.08638495  3.09483814 -0.08999563  3.09142947 -0.09000796  3.09141541 -0.08639728
vertices 786 4
r  3.06212759 -0.11129116  3.06213117 -0.11445137  3.05871439 -0.11445408  3.05871081 -0.11129387
vertices 787 4
r  3.19101572 -0.12326056  3.19112420 -0.14169440  3.17861223 -0.14174815  3.17850375 -0.12331431
vertices 788 4
r  3.27852798 -0.12345428  3.27860594 -0.14253445  3.26609134 -0.14256493  3.26601338 -0.12348476
vertices 789 4
r  3.36607981 -0.12416673  3.36615920 -0.14260125  3.35386085 -0.14263460  3.35378146 -0.12420008
vertices 789 4
r  3.34382176 -0.09548403  3.34382391 -0.09784263  3.34081221 -0.09784473  3.34081006 -0.09548613
vertices 789 4
r  3.29240704 -0.09562166  3.29239368 -0.09905244  3.28873657 -0.09903784  3.28874993 -0.09560706
vertices 789 4
   3.30303764 -0.13661525  3.30304670 -0.13382755  3.30045390 -0.13381934  3.30044484 -0.13660704
vertices 790 4
r  3.45339465 -0.12410772  3.45351815 -0.14254193  3.44035697 -0.14260737  3.44023347 -0.12417316
vertices 790 4
r  3.43728733 -0.09030936  3.43730307 -0.09438301  3.43300271 -0.09439790  3.43298697 -0.09032425
vertices 790 4
r  3.39192486 -0.06057602  3.39192438 -0.06293487  3.38935017 -0.06293388  3.38935065 -0.06057503
vertices 791 4
r  3.54043293 -0.12432241  3.54055548 -0.14189968  3.52847290 -0.14196425  3.52835035 -0.12438698
vertices 792 4
r  3.62993860 -0.12559499  3.63006353 -0.14454730  3.61682701 -0.14461033  3.61670208 -0.12565802
vertices 792 4
r  3.53008294 -0.10374759  3.53006768 -0.10713226  3.52642488 -0.10711604  3.52644014 -0.10373137
vertices 792 4
r  3.58494329 -0.09029810  3.58494544 -0.09278111  3.58244396 -0.09278288  3.58244181 -0.09029987
vertices 792 4
r  3.54629064 -0.08823181  3.54628444 -0.09071443  3.54355621 -0.09070699  3.54356241 -0.08822437
vertices 793 4
r  3.71790528 -0.12648694  3.71802306 -0.14569148  3.70540476 -0.14574687  3.70528698 -0.12654233
vertices 794 4
r  3.80519867 -0.12385401  3.80530787 -0.14551306  3.79161692 -0.14555706  3.79150772 -0.12389801
vertices 794 4
r  3.78666067 -0.09953583  3.78666759 -0.10292099  3.78257084 -0.10292748  3.78256392 -0.09954232
vertices 794 4
r  3.72384667 -0.09856247  3.72382712 -0.10330195  3.71927547 -0.10328274  3.71929502 -0.09854326
vertices 794 4
r  3.80474210 -0.05707217  3.80406475 -0.05842773  3.75622821 -0.03928146  3.75690556 -0.03792590
vertices 795 4
r  3.89277601 -0.12472387  3.89290142 -0.14525901  3.87898398 -0.14531868  3.87885857 -0.12478354
vertices 795 4
r  3.84440112 -0.09256307  3.84440184 -0.09752996  3.83826209 -0.09752882  3.83826137 -0.09256193
vertices 853 4
r  2.64784551  0.02756137  2.64784169  0.02424641  2.64452552  0.02424927  2.64452934  0.02756423
vertices 853 4
r  2.65047479  0.04921357  2.65047121  0.04711107  2.64836669  0.04711340  2.64837027  0.04921590
vertices 853 4
r  2.63952613 -0.05460752  2.63952637 -0.05680236  2.63732910 -0.05680182  2.63732886 -0.05460698
vertices 853 4
r  2.64203715  0.02253745  2.64203501  0.02041623  2.63991333  0.02041789  2.63991547  0.02253911
vertices 853 4
r  2.62088943 -0.01342876  2.62088728 -0.01667147  2.61764431 -0.01666940  2.61764646 -0.01342669
vertices 853 4
r  2.64329195  0.00009188  2.64329052 -0.00210501  2.64109325 -0.00210366  2.64109468  0.00009323
vertices 853 4
r  2.64333391 -0.00222753  2.64333248 -0.00452715  2.64103270 -0.00452579  2.64103413 -0.00222617
vertices 853 4
r  2.61457205 -0.01309664  2.61457038 -0.01534584  2.61232090 -0.01534433  2.61232257 -0.01309513
vertices 853 4
r  2.57848334  0.03504629  2.57848406  0.03188842  2.57532406  0.03188909  2.57532334  0.03504696
vertices 853 4
r  2.57128835  0.00695299  2.57128716  0.00472108  2.56905437  0.00472242  2.56905556  0.00695433
vertices 853 4
r  2.56770062 -0.02812330  2.56769538 -0.03118760  2.56462884 -0.03118391  2.56463408 -0.02811961
vertices 853 4
r  2.60464025 -0.05048667  2.60463643 -0.05364583  2.60147428 -0.05364291  2.60147810 -0.05048375
vertices 853 4
r  2.60292768 -0.04984500  2.60292482 -0.05205278  2.60071492 -0.05205070  2.60071778 -0.04984292
vertices 853 4
r  2.59767246 -0.02932164  2.59766841 -0.03302781  2.59396077 -0.03302450  2.59396482 -0.02931833
vertices 853 4
r  2.65945268  0.01407794  2.65945125  0.01250736  2.65809918  0.01250841  2.65810061  0.01407899
vertices 853 4
r  2.64772558  0.00264242  2.64771938 -0.00745565  2.63757968 -0.00744924  2.63758588  0.00264883
vertices 853 4
   2.67055988 -0.03685420  2.65695882 -0.04358517  2.65695501 -0.06534540  2.67055607 -0.05861443
vertices 853 4
   2.64320803 -0.05951645  2.55936861 -0.02264640  2.55598449 -0.02331899  2.63982391 -0.06018904
vertices 854 4
r  2.73940635  0.03344542  2.73940110  0.03094996  2.73690438  0.03095441  2.73690963  0.03344987
vertices 854 4
r  2.74010205 -0.04254072  2.74010038 -0.04813975  2.73449731 -0.04813434  2.73449898 -0.04253531
xvertices 854 4
xr 2.74174929 -0.00670275  2.74174643 -0.00912757  2.73932123 -0.00912433  2.73932409 -0.00669951
xvertices 854 4
xr 2.74227333 -0.00429984  2.74226832 -0.00831136  2.73825621 -0.00830588  2.73826122 -0.00429436
vertices 854 4
r  2.74347067  0.04589057  2.74346256  0.04269571  2.74026513  0.04270202  2.74027324  0.04589688
vertices 854 4
r  2.74841142 -0.04629787  2.74841142 -0.04936826  2.74533796 -0.04936592  2.74533796 -0.04629553
vertices 854 4
r  2.71134472 -0.00997658  2.71133995 -0.01367315  2.70764375 -0.01366783  2.70764852 -0.00997126
vertices 854 4
r  2.71273088 -0.03544703  2.71272707 -0.03865546  2.70951748 -0.03865102  2.70952129 -0.03544259
vertices 854 4
r  2.71656919 -0.00865078  2.71656632 -0.01084831  2.71436905 -0.01084520  2.71437192 -0.00864767
vertices 854 4
r  2.71688676 -0.00156215  2.71688390 -0.00367050  2.71477580 -0.00366746  2.71477866 -0.00155911
vertices 854 4
r  2.72581339 -0.01155726  2.72580910 -0.01520245  2.72216392 -0.01519749  2.72216821 -0.01155230
vertices 854 4
r  2.70093822  0.00176205  2.70093513 -0.00045505  2.69871808 -0.00045181  2.69872117  0.00176529
vertices 854 4
r  2.70007443  0.04872310  2.70006967  0.04483622  2.69618035  0.04484146  2.69618511  0.04872834
vertices 854 4
r  2.70410180 -0.00794300  2.70409870 -0.01019508  2.70184660 -0.01019178  2.70184970 -0.00793970
vertices 854 4
r  2.69295979  0.00199369  2.69295669 -0.00025389  2.69070911 -0.00025060  2.69071221  0.00199698
vertices 854 4
r  2.70999146  0.03681353  2.70998931  0.03546710  2.70841169  0.03546947  2.70841384  0.03681590
vertices 854 4
r  2.74372530 -0.00407581  2.74371839 -0.00990893  2.73808647 -0.00990123  2.73809338 -0.00406811
vertices 854 4
r  2.71497226  0.05027003  2.71496701  0.04712840  2.71135950  0.04713410  2.71136475  0.05027573
vertices 854 4
   2.67544031 -0.01856136  2.65133452 -0.01717305  2.65088105 -0.01874289  2.67498684 -0.02013120
vertices 854 4
   2.75924969 -0.03527396  2.74414611 -0.04378630  2.74392795 -0.06666446  2.75903153 -0.05815212
vertices 855 4
r  2.82200050 -0.02987207  2.82200217 -0.03219722  2.81967616 -0.03219790  2.81967449 -0.02987275
vertices 855 4
r  2.83306456 -0.05079566  2.83306789 -0.05291061  2.83095073 -0.05291209  2.83094740 -0.05079714
vertices 855 4
r  2.83883762  0.02550945  2.83883548  0.02207223  2.83539677  0.02207348  2.83539891  0.02551070
vertices 855 4
r  2.83995342  0.00235168  2.83995366  0.00015759  2.83775902  0.00015762  2.83775878  0.00235171
vertices 855 4
r  2.84444284 -0.03467913  2.84444761 -0.03814450  2.84097934 -0.03814664  2.84097457 -0.03468127
vertices 855 4
r  2.75917244  0.04640453  2.75917482  0.04425215  2.75702071  0.04425117  2.75701833  0.04640355
vertices 855 4
r  2.78841925 -0.02596832  2.78841925 -0.02817264  2.78621459 -0.02817249  2.78621459 -0.02596817
vertices 855 4
r  2.78953815  0.00101910  2.78953815 -0.00144908  2.78480768 -0.00144893  2.78480768  0.00101925
vertices 855 4
r  2.83188725 -0.00144900  2.83188748 -0.00279492  2.83053564 -0.00279497  2.83053541 -0.00144905
vertices 855 4
   2.84543061 -0.03665921  2.83169127 -0.04362146  2.83150554 -0.06560067  2.84524488 -0.05863842
vertices 855 4
r  2.84358215  0.00272389  2.79925942 -0.05744972  2.79925966 -0.05661664  2.84358239  0.00355697
vertices 856 4
   2.89606452  0.00474555  2.89373064  0.00709233  2.89357185  0.00415802  2.89590573  0.00181124
vertices 856 4
r  2.93251276  0.00609753  2.93251228  0.00135943  2.92888999  0.00135973  2.92889047  0.00609783
vertices 856 4
r  2.88542461 -0.00654037  2.88542485 -0.01105489  2.88067079 -0.01105473  2.88067055 -0.00654021
vertices 856 4
r  2.87840605 -0.03881934  2.87840581 -0.04310802  2.87410211 -0.04310759  2.87410235 -0.03881891
vertices 856 4
r  2.84965158  0.02032030  2.84965324  0.01693487  2.84625744  0.01693439  2.84625578  0.02031982
vertices 856 4
r  2.84103870 -0.03248810  2.84103513 -0.03677594  2.83673263 -0.03677359  2.83673620 -0.03248575
vertices 856 4
r  2.83899784 -0.03542077  2.83899498 -0.03835450  2.83559799 -0.03835243  2.83560085 -0.03541870
vertices 856 4
r  2.88950062 -0.01714949  2.88950086 -0.02030963  2.88610459 -0.02030968  2.88610435 -0.01714954
vertices 856 4
r  2.89765739  0.03882886  2.89765930  0.04311731  2.90173602  0.04311620  2.90173411  0.03882775
vertices 856 4
r  2.83379960  0.02573311  2.83380222  0.02189715  2.83017921  0.02189601  2.83017659  0.02573197
vertices 856 4
r  2.88293433  0.00339179  2.88293433  0.00655197  2.88610363  0.00655182  2.88610363  0.00339164
vertices 856 4
r  2.90874720 -0.02121026  2.90874553 -0.01805045  2.91191506 -0.01804974  2.91191673 -0.02120955
vertices 856 4
r  2.87410522  0.00722953  2.87410522  0.00429504  2.87116218  0.00429511  2.87116218  0.00722960
vertices 856 4
r  2.85622096  0.00045872  2.85622096 -0.00224977  2.85327816 -0.00224957  2.85327816  0.00045892
vertices 856 4
r  2.90761900 -0.02910957  2.90762019 -0.03159272  2.90467596 -0.03159372  2.90467477 -0.02911057
vertices 856 4
   2.93366861 -0.03564240  2.91895700 -0.04490332  2.91763545 -0.06724101  2.93234706 -0.05798009
vertices 857 4
r  2.99323797 -0.02452346  2.99323511 -0.02764150  2.99011636 -0.02763775  2.99011922 -0.02451971
vertices 857 4
r  2.99399757 -0.00977041  2.99399376 -0.01291589  2.99084807 -0.01291174  2.99085188 -0.00976626
vertices 857 4
r  3.00464010 -0.04829350  3.00463939 -0.05179959  3.00112987 -0.05179673  3.00113058 -0.04829064
vertices 857 4
r  3.01166701 -0.02651267  3.01166582 -0.02867279  3.00950456 -0.02867064  3.00950575 -0.02651052
vertices 857 4
r  2.97201896  0.00909177  2.97201443  0.00595575  2.96887875  0.00596026  2.96888328  0.00909628
vertices 857 4
r  2.97551847  0.03266943  2.97551322  0.02930868  2.97215175  0.02931370  2.97215700  0.03267445
vertices 857 4
r  2.97978663 -0.03391482  2.97978306 -0.03705825  2.97663856 -0.03705420  2.97664213 -0.03391077
vertices 857 4
r  2.93160129 -0.01713118  2.93159723 -0.01932165  2.92940640 -0.01931798  2.92941046 -0.01712751
vertices 857 4
r  2.92842770  0.00578536  2.92842245  0.00187162  2.92450809  0.00187708  2.92451334  0.00579082
vertices 857 4
r  2.92806768  0.04784638  2.92806721  0.04567375  2.92589260  0.04567555  2.92589307  0.04784818
vertices 857 4
r  2.92508888 -0.01936164  2.92508316 -0.02221885  2.92222500 -0.02221384  2.92223072 -0.01935663
vertices 857 4
r  2.91665530 -0.01914201  2.91664934 -0.02194231  2.91384769 -0.02193722  2.91385365 -0.01913692
vertices 857 4
r  2.95357060 -0.02411436  2.95356679 -0.02645032  2.95123053 -0.02644667  2.95123434 -0.02411071
vertices 857 4
r  2.95146823  0.03664562  2.95146561  0.03418398  2.94900298  0.03418704  2.94900560  0.03664868
vertices 857 4
r  2.94450092  0.04382383  2.94449782  0.04023932  2.94091105  0.04024325  2.94091415  0.04382776
vertices 857 4
   3.02086139 -0.02302798  3.00846529 -0.02705376  3.00868630 -0.04208237  3.02108240 -0.03805659
vertices 857 4
r  3.02086067 -0.05286095  3.00800657 -0.04836694  3.00800276 -0.03513270  3.02085686 -0.03962671
vertices 857 4
r  3.02423763 -0.03334893  3.02423882 -0.04344197  3.01590013 -0.04343520  3.01589894 -0.03334216
vertices 858 4
r  3.08539510  0.00054410  3.08539343 -0.00183898  3.08301020 -0.00183716  3.08301187  0.00054592
vertices 858 4
r  3.09301567  0.03889141  3.09300923  0.03505953  3.08917498  0.03506429  3.08918142  0.03889617
vertices 858 4
r  3.05481768  0.04963206  3.05481601  0.04751977  3.05270219  0.04752146  3.05270386  0.04963375
vertices 858 4
r  3.00675583 -0.02650647  3.00675249 -0.02866894  3.00458908 -0.02866622  3.00459242 -0.02650375
vertices 858 4
r  2.99946904 -0.04504572  2.99946380 -0.04729204  2.99721528 -0.04728829  2.99722052 -0.04504197
vertices 858 4
r  3.04602551  0.02430114  3.04602361  0.02104623  3.04276849  0.02104860  3.04277039  0.02430351
vertices 858 4
r  3.03695941 -0.03782450  3.03695560 -0.04125735  3.03352142 -0.04125381  3.03352523 -0.03782096
vertices 858 4
r  3.03050995 -0.00794710  3.03050637 -0.01192996  3.02652359 -0.01192645  3.02652717 -0.00794359
vertices 858 4
r  3.01596189  0.04595496  3.01596260  0.04371170  3.01325774  0.04371234  3.01325703  0.04595560
vertices 858 4
r  3.09550524  0.04166069  3.09549046  0.03331166  3.08733654  0.03332211  3.08735132  0.04167114
vertices 858 4
   3.10676813 -0.03506339  3.09159732 -0.04386129  3.09161687 -0.06484308  3.10678768 -0.05604518
vertices 859 4
r  3.08961225  0.04035256  3.08961964  0.03493680  3.08599543  0.03493433  3.08598804  0.04035009
vertices 859 4
r  3.10322142  0.01711304  3.10322309  0.01350180  3.09960055  0.01350105  3.09959888  0.01711229
vertices 859 4
r  3.13288498 -0.01403721  3.13288474 -0.01652049  3.13016748 -0.01652040  3.13016772 -0.01403712
vertices 859 4
r  3.17546391  0.04104119  3.17546225  0.03878396  3.17319704  0.03878483  3.17319870  0.04104206
vertices 859 4
r  3.12631679  0.01598761  3.12631726  0.01395588  3.12427949  0.01395569  3.12427902  0.01598742
vertices 859 4
r  3.16752553  0.01756782  3.16752529  0.01576197  3.16548753  0.01576216  3.16548777  0.01756801
vertices 859 4
r  3.13967633  0.00763542  3.13967633  0.00605510  3.13786507  0.00605505  3.13786507  0.00763537
vertices 859 4
r  3.13537526 -0.02645378  3.13537502 -0.02871142  3.13333678 -0.02871133  3.13333702 -0.02645369
vertices 859 4
   3.19539881 -0.03636635  3.18068814 -0.04675816  3.17891192 -0.06751974  3.19362259 -0.05712793
vertices 860 4
r  3.22092915 -0.00302056  3.22092938 -0.01128596  3.21140932 -0.01128630  3.21140909 -0.00302090
vertices 860 4
r  3.21251893 -0.00678878  3.21251869 -0.01147698  3.20882821 -0.01147699  3.20882845 -0.00678879
vertices 860 4
r  3.27763796  0.00797284  3.27763772  0.00616763  3.27428794  0.00616763  3.27428818  0.00797284
vertices 860 4
   3.28269005 -0.03579921  3.26843047 -0.04370754  3.26710844 -0.06514381  3.28136802 -0.05723548
vertices 861 4
r  3.36291051 -0.01614496  3.36291170 -0.01817575  3.35974240 -0.01817681  3.35974121 -0.01614602
vertices 861 4
r  3.32193470 -0.02292546  3.32193494 -0.02518273  3.31967092 -0.02518292  3.31967068 -0.02292565
vertices 861 4
r  3.31757617 -0.01575456  3.31757712 -0.02683263  3.30669856 -0.02683282  3.30669761 -0.01575475
vertices 861 4
r  3.28568316  0.05381309  3.28568625  0.05087895  3.26416086  0.05086324  3.26415777  0.05379738
vertices 861 4
   3.28070903  0.04478271  3.27798867  0.04658681  3.27708363  0.04545801  3.27980399  0.04365391
vertices 861 4
r  3.27258301  0.00777005  3.27258348  0.00641609  3.26918792  0.00641572  3.26918745  0.00776968
vertices 861 4
r  3.29770017  0.04004961  3.29770088  0.03824395  3.29588890  0.03824345  3.29588819  0.04004911
vertices 861 4
r  3.32849741 -0.00260962  3.32849765 -0.00441541  3.32691312 -0.00441551  3.32691288 -0.00260972
vertices 861 4
r  3.36834025 -0.00914862  3.36834383 -0.01614300  3.36608005 -0.01614357  3.36607647 -0.00914919
vertices 861 4
r  3.30223846 -0.00396500  3.30223846 -0.00577076  3.29997492 -0.00577077  3.29997492 -0.00396501
vertices 861 4
r  3.32080173  0.04253559  3.32080150  0.04027822  3.31876303  0.04027824  3.31876326  0.04253561
vertices 862 4
r  3.42654324  0.01687799  3.42654252  0.01463619  3.42430067  0.01463664  3.42430139  0.01687844
vertices 862 4
r  3.37672591 -0.01090994  3.37672496 -0.01401159  3.37362314 -0.01401084  3.37362409 -0.01090919
vertices 862 4
r  3.37298942  0.00764148  3.37298942  0.00462792  3.36997581  0.00462811  3.36997581  0.00764167
vertices 862 4
r  3.39324307 -0.01565892  3.39324260 -0.01781342  3.39108802 -0.01781304  3.39108849 -0.01565854
vertices 862 4
r  3.38428378  0.03579316  3.38428497  0.03222282  3.38071322  0.03222242  3.38071203  0.03579276
vertices 862 4
r  3.38134241  0.03280169  3.38134336  0.02976008  3.37830066  0.02975971  3.37829971  0.03280132
vertices 862 4
r  3.44420171  0.01388868  3.44420123  0.01254248  3.44262385  0.01254286  3.44262433  0.01388906
vertices 862 4
r  3.36283970  0.04598242  3.36284208  0.04396322  3.36036229  0.04396204  3.36035991  0.04598124
vertices 862 4
r  3.35857701 -0.01549361  3.35857558 -0.01796153  3.35406900 -0.01795971  3.35407043 -0.01549179
vertices 862 4
r  3.41445923  0.01142581  3.41445899  0.00940595  3.41243124  0.00940622  3.41243148  0.01142608
vertices 862 4
   3.45683789 -0.03681149  3.44264412 -0.04422335  3.44268060 -0.06620713  3.45687437 -0.05879527
vertices 863 4
r  3.50929570 -0.01512715  3.50929737 -0.01903337  3.50544882 -0.01903455  3.50544715 -0.01512833
vertices 863 4
r  3.54302263 -0.00909099  3.54302812 -0.01698707  3.54053808 -0.01698811  3.54053259 -0.00909203
vertices 863 4
r  3.48868084  0.04506173  3.48868179  0.04122479  3.48483109  0.04122381  3.48483014  0.04506075
vertices 863 4
r  3.50023246  0.03197278  3.50023246  0.02926433  3.49751520  0.02926400  3.49751520  0.03197245
vertices 863 4
r  3.46854663 -0.00640266  3.46854687 -0.00888524  3.46605683 -0.00888556  3.46605659 -0.00640298
vertices 863 4
r  3.52513790  0.02610520  3.52513695  0.02339735  3.52264643  0.02339747  3.52264738  0.02610532
vertices 863 4
r  3.46311331 -0.01994403  3.46311283 -0.02174946  3.46130156 -0.02174942  3.46130204 -0.01994399
vertices 864 4
r  3.62661576 -0.01490809  3.62661672 -0.01693923  3.62435222 -0.01693954  3.62435126 -0.01490840
vertices 864 4
r  3.54666257 -0.00136312  3.54666042 -0.01127034  3.53680992 -0.01126813  3.53681207 -0.00136091
vertices 864 4
   3.63139009 -0.03634519  3.61712909 -0.04605751  3.61648346 -0.06681905  3.63074446 -0.05710673
vertices 864 4
   3.62968016 -0.01675257  3.62967992 -0.01608597  3.52264380 -0.01606739  3.52264404 -0.01673399
vertices 865 4
r  3.70476961  0.02063870  3.70476818  0.01754562  3.70167422  0.01754626  3.70167565  0.02063934
vertices 865 4
r  3.70817995  0.03097952  3.70817733  0.02781504  3.70501113  0.02781621  3.70501375  0.03098069
vertices 865 4
r  3.71808958 -0.00945368  3.71809101 -0.01280757  3.71473551 -0.01280834  3.71473408 -0.00945445
vertices 865 4
r  3.67638922  0.04825773  3.67638826  0.04507980  3.67320823  0.04508020  3.67320919  0.04825813
vertices 865 4
r  3.63885117  0.02561780  3.63885260  0.02214225  3.63537621  0.02214148  3.63537478  0.02561703
vertices 865 4
r  3.63082504 -0.02122913  3.63082290 -0.02488435  3.62716652 -0.02488331  3.62716866 -0.02122809
vertices 865 4
r  3.66445732  0.03669674  3.66445756  0.02960028  3.65735865  0.02959985  3.65735841  0.03669631
vertices 865 4
r  3.71896791 -0.02491817  3.71899724 -0.04712830  3.70772791 -0.04713352  3.70769858 -0.02492339
vertices 866 4
r  3.70717359  0.05085722  3.70718050  0.04634443  3.70310258  0.04634066  3.70309567  0.05085345
vertices 866 4
r  3.75656128  0.02785864  3.75656152  0.02582716  3.75452376  0.02582687  3.75452352  0.02785835
vertices 866 4
r  3.74026370  0.01228107  3.74026418  0.01002394  3.73800040  0.01002347  3.73799992  0.01228060
vertices 866 4
r  3.78012061 -0.03488244  3.78012395 -0.03894490  3.77604771 -0.03894691  3.77604437 -0.03488445
vertices 866 4
r  3.74003768 -0.03624738  3.74003720 -0.03918176  3.73709321 -0.03918173  3.73709369 -0.03624735
vertices 866 4
r  3.78757691  0.02086302  3.78757620  0.01815493  3.78463340  0.01815503  3.78463411  0.02086312
vertices 866 4
r  3.80545998 -0.00937088  3.80547285 -0.02629190  3.80185103 -0.02629328  3.80183816 -0.00937226
vertices 866 4
r  3.72507834 -0.05407554  3.72507668 -0.05588100  3.72349049 -0.05588042  3.72349215 -0.05407496
vertices 866 4
r  3.75452709 -0.00645097  3.75452733 -0.00870815  3.75226379 -0.00870854  3.75226355 -0.00645136
vertices 866 4
r  3.71264935 -0.01006613  3.71264887 -0.01277404  3.70993256 -0.01277402  3.70993304 -0.01006611
vertices 867 4
r  3.85977530  0.04244722  3.85977721  0.03565665  3.85352350  0.03565331  3.85352159  0.04244388
vertices 867 4
r  3.86992812 -0.01077348  3.86993051 -0.01303098  3.86766601 -0.01303298  3.86766362 -0.01077548
vertices 867 4
r  3.85473418  0.01879019  3.85473609  0.01540356  3.85156560  0.01540140  3.85156369  0.01878803
vertices 867 4
r  3.86175251  0.02285860  3.86175323  0.02105246  3.85948849  0.02105106  3.85948777  0.02285720
vertices 867 4
r  3.88015580 -0.03694814  3.88016200 -0.04033402  3.87653732 -0.04033860  3.87653112 -0.03695272
vertices 867 4
   3.89372373 -0.02384023  3.88692999 -0.02429979  3.88060665 -0.03491542  3.88740039 -0.03445586
vertices 867 4
   3.89423728 -0.05182334  3.88719153 -0.04325828  3.88039159 -0.04304391  3.88743734 -0.05160897
vertices 867 4
r  3.89463520 -0.02699853  3.89468527 -0.04979151  3.88726711 -0.04980086  3.88721704 -0.02700788
vertices 867 4
r  3.88966489 -0.03400123  3.88968515 -0.04370611  3.88085055 -0.04371767  3.88083029 -0.03401279
