unit d
skip 0
RA & Dec (B1950) limits of fields
rectangle id number is the UKST field number
RAmin	RAmax	Decmin	Decmax
rectangle 48
321.75	338.25	-77.5	-72.5
rectangle 49
338.25	351.75	-77.5	-72.5
rectangle 50
-6.5	6.5	-72.5	-67.5
rectangle 51
6.5	19.5	-72.5	-67.5
rectangle 52
19.5	32.5	-72.5	-67.5
rectangle 53
32.5	45.5	-72.5	-67.5
rectangle 54
45.5	58.5	-72.5	-67.5
rectangle 75
318.5	331.5	-72.5	-67.5
rectangle 76
331.5	344.5	-72.5	-67.5
rectangle 77
344.5	353.5	-72.5	-67.5
rectangle 78
-5.5	5.5	-67.5	-62.5
rectangle 79
5.5	16.5	-67.5	-62.5
rectangle 80
16.5	27.5	-67.5	-62.5
rectangle 81
27.5	38.5	-67.5	-62.5
rectangle 82
38.5	49.5	-67.5	-62.5
rectangle 83
49.5	60.5	-67.5	-62.5
rectangle 84
60.5	71.5	-67.5	-62.5
rectangle 107
313.5	324.5	-67.5	-62.5
rectangle 108
324.5	335.5	-67.5	-62.5
rectangle 109
335.5	346.5	-67.5	-62.5
rectangle 110
346.5	354.5	-67.5	-62.5
rectangle 111
-4.75	4.75	-62.5	-57.5
rectangle 112
4.75	14.25	-62.5	-57.5
rectangle 113
14.25	23.75	-62.5	-57.5
rectangle 114
23.75	33.25	-62.5	-57.5
rectangle 115
33.25	42.75	-62.5	-57.5
rectangle 116
42.75	52.25	-62.5	-57.5
rectangle 117
52.25	61.75	-62.5	-57.5
rectangle 118
61.75	71.25	-62.5	-57.5
rectangle 143
299.25	308.75	-62.5	-57.5
rectangle 144
308.75	318.25	-62.5	-57.5
rectangle 145
318.25	327.75	-62.5	-57.5
rectangle 146
327.75	337.25	-62.5	-57.5
rectangle 147
337.25	346.75	-62.5	-57.5
rectangle 148
346.75	355.25	-62.5	-57.5
rectangle 149
-4.125	4.125	-57.5	-52.5
rectangle 150
4.125	12.375	-57.5	-52.5
rectangle 151
12.375	20.625	-57.5	-52.5
rectangle 152
20.625	28.875	-57.5	-52.5
rectangle 153
28.875	37.125	-57.5	-52.5
rectangle 154
37.125	45.375	-57.5	-52.5
rectangle 155
45.375	53.625	-57.5	-52.5
rectangle 156
53.625	61.875	-57.5	-52.5
rectangle 157
61.875	70.125	-57.5	-52.5
rectangle 158
70.125	78.375	-57.5	-52.5
rectangle 187
309.375	317.625	-57.5	-52.5
rectangle 188
317.625	325.875	-57.5	-52.5
rectangle 189
325.875	334.125	-57.5	-52.5
rectangle 190
334.125	342.375	-57.5	-52.5
rectangle 191
342.375	350.625	-57.5	-52.5
rectangle 192
350.625	355.875	-57.5	-52.5
rectangle 193
-3.75	3.75	-52.5	-47.5
rectangle 194
3.75	11.25	-52.5	-47.5
rectangle 195
11.25	18.75	-52.5	-47.5
rectangle 196
18.75	26.25	-52.5	-47.5
rectangle 197
26.25	33.75	-52.5	-47.5
rectangle 198
33.75	41.25	-52.5	-47.5
rectangle 199
41.25	48.75	-52.5	-47.5
rectangle 200
48.75	56.25	-52.5	-47.5
rectangle 201
56.25	63.75	-52.5	-47.5
rectangle 202
63.75	71.25	-52.5	-47.5
rectangle 203
71.25	78.75	-52.5	-47.5
rectangle 235
311.25	318.75	-52.5	-47.5
rectangle 236
318.75	326.25	-52.5	-47.5
rectangle 237
326.25	333.75	-52.5	-47.5
rectangle 238
333.75	341.25	-52.5	-47.5
rectangle 239
341.25	348.75	-52.5	-47.5
rectangle 240
348.75	356.25	-52.5	-47.5
rectangle 241
-3.5	3.5	-47.5	-42.5
rectangle 242
3.5	10.5	-47.5	-42.5
rectangle 243
10.5	17.5	-47.5	-42.5
rectangle 244
17.5	24.5	-47.5	-42.5
rectangle 245
24.5	31.5	-47.5	-42.5
rectangle 246
31.5	38.5	-47.5	-42.5
rectangle 247
38.5	45.5	-47.5	-42.5
rectangle 248
45.5	52.5	-47.5	-42.5
rectangle 249
52.5	59.5	-47.5	-42.5
rectangle 250
59.5	66.5	-47.5	-42.5
rectangle 251
66.5	73.5	-47.5	-42.5
rectangle 252
73.5	80.5	-47.5	-42.5
rectangle 286
311.5	318.5	-47.5	-42.5
rectangle 287
318.5	325.5	-47.5	-42.5
rectangle 288
325.5	332.5	-47.5	-42.5
rectangle 289
332.5	339.5	-47.5	-42.5
rectangle 290
339.5	346.5	-47.5	-42.5
rectangle 291
346.5	353.5	-47.5	-42.5
rectangle 292
353.5	356.5	-47.5	-42.5
rectangle 293
-3.25	3.25	-42.5	-37.5
rectangle 294
3.25	9.75	-42.5	-37.5
rectangle 295
9.75	16.25	-42.5	-37.5
rectangle 296
16.25	22.75	-42.5	-37.5
rectangle 297
22.75	29.25	-42.5	-37.5
rectangle 298
29.25	35.75	-42.5	-37.5
rectangle 299
35.75	42.25	-42.5	-37.5
rectangle 300
42.25	48.75	-42.5	-37.5
rectangle 301
48.75	55.25	-42.5	-37.5
rectangle 302
55.25	61.75	-42.5	-37.5
rectangle 303
61.75	68.25	-42.5	-37.5
rectangle 304
68.25	74.75	-42.5	-37.5
rectangle 305
74.75	81.25	-42.5	-37.5
rectangle 341
308.75	315.25	-42.5	-37.5
rectangle 342
315.25	321.75	-42.5	-37.5
rectangle 343
321.75	328.25	-42.5	-37.5
rectangle 344
328.25	334.75	-42.5	-37.5
rectangle 345
334.75	341.25	-42.5	-37.5
rectangle 346
341.25	347.75	-42.5	-37.5
rectangle 347
347.75	354.25	-42.5	-37.5
rectangle 348
354.25	356.75	-42.5	-37.5
rectangle 349
-3.	3.	-37.5	-32.5
rectangle 350
3.	9.	-37.5	-32.5
rectangle 351
9.	15.	-37.5	-32.5
rectangle 352
15.	21.	-37.5	-32.5
rectangle 353
21.	27.	-37.5	-32.5
rectangle 354
27.	33.	-37.5	-32.5
rectangle 355
33.	39.	-37.5	-32.5
rectangle 356
39.	45.	-37.5	-32.5
rectangle 357
45.	51.	-37.5	-32.5
rectangle 358
51.	57.	-37.5	-32.5
rectangle 359
57.	63.	-37.5	-32.5
rectangle 360
63.	69.	-37.5	-32.5
rectangle 361
69.	75.	-37.5	-32.5
rectangle 362
75.	81.	-37.5	-32.5
rectangle 401
309.	315.	-37.5	-32.5
rectangle 402
315.	321.	-37.5	-32.5
rectangle 403
321.	327.	-37.5	-32.5
rectangle 404
327.	333.	-37.5	-32.5
rectangle 405
333.	339.	-37.5	-32.5
rectangle 406
339.	345.	-37.5	-32.5
rectangle 407
345.	351.	-37.5	-32.5
rectangle 408
351.	357.	-37.5	-32.5
rectangle 409
-2.875	2.875	-32.5	-27.5
rectangle 410
2.875	8.625	-32.5	-27.5
rectangle 411
8.625	14.375	-32.5	-27.5
rectangle 412
14.375	20.125	-32.5	-27.5
rectangle 413
20.125	25.875	-32.5	-27.5
rectangle 414
25.875	31.625	-32.5	-27.5
rectangle 415
31.625	37.375	-32.5	-27.5
rectangle 416
37.375	43.125	-32.5	-27.5
rectangle 417
43.125	48.875	-32.5	-27.5
rectangle 418
48.875	54.625	-32.5	-27.5
rectangle 419
54.625	60.375	-32.5	-27.5
rectangle 420
60.375	66.125	-32.5	-27.5
rectangle 421
66.125	71.875	-32.5	-27.5
rectangle 422
71.875	77.625	-32.5	-27.5
rectangle 423
77.625	83.375	-32.5	-27.5
rectangle 464
313.375	319.125	-32.5	-27.5
rectangle 465
319.125	324.875	-32.5	-27.5
rectangle 466
324.875	330.625	-32.5	-27.5
rectangle 467
330.625	336.375	-32.5	-27.5
rectangle 468
336.375	342.125	-32.5	-27.5
rectangle 469
342.125	347.875	-32.5	-27.5
rectangle 470
347.875	353.625	-32.5	-27.5
rectangle 471
353.625	357.125	-32.5	-27.5
rectangle 472
-2.75	2.75	-27.5	-22.5
rectangle 473
2.75	8.25	-27.5	-22.5
rectangle 474
8.25	13.75	-27.5	-22.5
rectangle 475
13.75	19.25	-27.5	-22.5
rectangle 476
19.25	24.75	-27.5	-22.5
rectangle 477
24.75	30.25	-27.5	-22.5
rectangle 478
30.25	35.75	-27.5	-22.5
rectangle 479
35.75	41.25	-27.5	-22.5
rectangle 480
41.25	46.75	-27.5	-22.5
rectangle 481
46.75	52.25	-27.5	-22.5
rectangle 482
52.25	57.75	-27.5	-22.5
rectangle 483
57.75	63.25	-27.5	-22.5
rectangle 484
63.25	68.75	-27.5	-22.5
rectangle 485
68.75	74.25	-27.5	-22.5
rectangle 530
316.25	321.75	-27.5	-22.5
rectangle 531
321.75	327.25	-27.5	-22.5
rectangle 532
327.25	332.75	-27.5	-22.5
rectangle 533
332.75	338.25	-27.5	-22.5
rectangle 534
338.25	343.75	-27.5	-22.5
rectangle 535
343.75	349.25	-27.5	-22.5
rectangle 536
349.25	354.75	-27.5	-22.5
rectangle 537
354.75	357.25	-27.5	-22.5
rectangle 538
-2.625	2.625	-22.5	-17.5
rectangle 539
2.625	7.875	-22.5	-17.5
rectangle 540
7.875	13.125	-22.5	-17.5
rectangle 541
13.125	18.375	-22.5	-17.5
rectangle 542
18.375	23.625	-22.5	-17.5
rectangle 543
23.625	28.875	-22.5	-17.5
rectangle 544
28.875	34.125	-22.5	-17.5
rectangle 545
34.125	39.375	-22.5	-17.5
rectangle 546
39.375	44.625	-22.5	-17.5
rectangle 547
44.625	49.875	-22.5	-17.5
rectangle 548
49.875	55.125	-22.5	-17.5
rectangle 549
55.125	60.375	-22.5	-17.5
rectangle 550
60.375	65.625	-22.5	-17.5
rectangle 551
65.625	70.875	-22.5	-17.5
rectangle 599
317.625	322.875	-22.5	-17.5
rectangle 600
322.875	328.125	-22.5	-17.5
rectangle 601
328.125	333.375	-22.5	-17.5
rectangle 602
333.375	338.625	-22.5	-17.5
rectangle 603
338.625	343.875	-22.5	-17.5
rectangle 604
343.875	349.125	-22.5	-17.5
rectangle 605
349.125	354.375	-22.5	-17.5
rectangle 606
354.375	357.375	-22.5	-17.5
rectangle 607
-2.5	2.5	-17.5	-12.5
rectangle 608
2.5	7.5	-17.5	-12.5
rectangle 609
7.5	12.5	-17.5	-12.5
rectangle 610
12.5	17.5	-17.5	-12.5
rectangle 611
17.5	22.5	-17.5	-12.5
rectangle 612
22.5	27.5	-17.5	-12.5
rectangle 613
27.5	32.5	-17.5	-12.5
rectangle 614
32.5	37.5	-17.5	-12.5
rectangle 615
37.5	42.5	-17.5	-12.5
rectangle 616
42.5	47.5	-17.5	-12.5
rectangle 617
47.5	52.5	-17.5	-12.5
rectangle 618
52.5	57.5	-17.5	-12.5
rectangle 619
57.5	62.5	-17.5	-12.5
rectangle 620
62.5	67.5	-17.5	-12.5
rectangle 621
67.5	72.5	-17.5	-12.5
rectangle 671
317.5	322.5	-17.5	-12.5
rectangle 672
322.5	327.5	-17.5	-12.5
rectangle 673
327.5	332.5	-17.5	-12.5
rectangle 674
332.5	337.5	-17.5	-12.5
rectangle 675
337.5	342.5	-17.5	-12.5
rectangle 676
342.5	347.5	-17.5	-12.5
rectangle 677
347.5	352.5	-17.5	-12.5
rectangle 678
352.5	357.5	-17.5	-12.5
rectangle 679
-2.5	2.5	-12.5	-7.5
rectangle 680
2.5	7.5	-12.5	-7.5
rectangle 681
7.5	12.5	-12.5	-7.5
rectangle 682
12.5	17.5	-12.5	-7.5
rectangle 683
17.5	22.5	-12.5	-7.5
rectangle 684
22.5	27.5	-12.5	-7.5
rectangle 685
27.5	32.5	-12.5	-7.5
rectangle 686
32.5	37.5	-12.5	-7.5
rectangle 687
37.5	42.5	-12.5	-7.5
rectangle 688
42.5	47.5	-12.5	-7.5
rectangle 689
47.5	52.5	-12.5	-7.5
rectangle 690
52.5	57.5	-12.5	-7.5
rectangle 691
57.5	62.5	-12.5	-7.5
rectangle 692
62.5	67.5	-12.5	-7.5
rectangle 743
317.5	322.5	-12.5	-7.5
rectangle 744
322.5	327.5	-12.5	-7.5
rectangle 745
327.5	332.5	-12.5	-7.5
rectangle 746
332.5	337.5	-12.5	-7.5
rectangle 747
337.5	342.5	-12.5	-7.5
rectangle 748
342.5	347.5	-12.5	-7.5
rectangle 749
347.5	352.5	-12.5	-7.5
rectangle 750
352.5	357.5	-12.5	-7.5
rectangle 751
-2.5	2.5	-7.5	-2.5
rectangle 752
2.5	7.5	-7.5	-2.5
rectangle 753
7.5	12.5	-7.5	-2.5
rectangle 754
12.5	17.5	-7.5	-2.5
rectangle 755
17.5	22.5	-7.5	-2.5
rectangle 756
22.5	27.5	-7.5	-2.5
rectangle 757
27.5	32.5	-7.5	-2.5
rectangle 758
32.5	37.5	-7.5	-2.5
rectangle 759
37.5	42.5	-7.5	-2.5
rectangle 760
42.5	47.5	-7.5	-2.5
rectangle 761
47.5	52.5	-7.5	-2.5
rectangle 762
52.5	57.5	-7.5	-2.5
rectangle 763
57.5	62.5	-7.5	-2.5
rectangle 816
322.5	327.5	-7.5	-2.5
rectangle 817
327.5	332.5	-7.5	-2.5
rectangle 818
332.5	337.5	-7.5	-2.5
rectangle 819
337.5	342.5	-7.5	-2.5
rectangle 820
342.5	347.5	-7.5	-2.5
rectangle 821
347.5	352.5	-7.5	-2.5
rectangle 822
352.5	357.5	-7.5	-2.5
rectangle 823
-2.5	2.5	-2.5	2.5
rectangle 824
2.5	7.5	-2.5	2.5
rectangle 825
7.5	12.5	-2.5	2.5
rectangle 826
12.5	17.5	-2.5	2.5
rectangle 827
17.5	22.5	-2.5	2.5
rectangle 828
22.5	27.5	-2.5	2.5
rectangle 829
27.5	32.5	-2.5	2.5
rectangle 830
32.5	37.5	-2.5	2.5
rectangle 831
37.5	42.5	-2.5	2.5
rectangle 832
42.5	47.5	-2.5	2.5
rectangle 833
47.5	52.5	-2.5	2.5
rectangle 834
52.5	57.5	-2.5	2.5
rectangle 889
327.5	332.5	-2.5	2.5
rectangle 890
332.5	337.5	-2.5	2.5
rectangle 891
337.5	342.5	-2.5	2.5
rectangle 892
342.5	347.5	-2.5	2.5
rectangle 893
347.5	352.5	-2.5	2.5
rectangle 894
352.5	357.5	-2.5	2.5
